step UNMSG
0 193.59708758592606
1 48.66000291407108
2 27.767138183116913
3 28.342480957508087
4 28.870948374271393
5 41.42014463245869
6 54.933592706918716
7 68.63844703137875
8 82.41166073083878
9 95.70930160582066
10 109.07725152373314
11 122.41004483401775
12 135.79557251930237
13 137.20529741048813
14 137.64876395463943
15 137.906744658947
16 138.06900669634342
17 138.4290120601654
18 138.74600288271904
19 139.02197815477848
20 139.2686337530613
21 139.52703073620796
22 139.72298492491245
23 142.40942910313606
24 145.90970496833324
25 149.50992211699486
26 153.1355833262205
27 156.80226013064384
28 160.53722409904003
29 164.31912414729595
30 168.05028492212296
31 171.8303234577179
32 175.68456932902336
33 179.56224511563778
34 183.40280385315418
35 187.27272437512875
36 191.22480246424675
37 194.95943802595139
38 198.7430239468813
39 202.48949675261974
40 206.2769128382206
41 210.02712793648243
42 213.74405980110168
43 214.98027490079403
44 215.51986506581306
45 215.99661201238632
46 216.5143897086382
47 217.16331292688847
48 217.80841763317585
49 218.4320572167635
50 219.08129708468914
51 219.70707274973392
52 220.40125760436058
53 221.10336934030056
54 221.80739603936672
55 222.51734700798988
56 223.25649550557137
57 223.95673793554306
58 224.59049409627914
59 225.24389238655567
60 225.91880935430527
61 226.64456102252007
62 227.37622164189816
63 228.02968509495258
64 228.69682064652443
65 229.3346023261547
66 229.94894328713417
67 230.48316814005375
68 231.08000008761883
69 231.68311543762684
70 232.25686225295067
71 232.91271305084229
72 233.5587033778429
73 234.19485241174698
74 234.7411735802889
75 235.30111746490002
76 235.85923863947392
77 236.46026042103767
78 237.23124240338802
79 238.0217755138874
80 238.91586312651634
81 239.97013753652573
82 241.15534834563732
83 242.31705032289028
84 243.4456068277359
85 244.67579470574856
86 245.96458080410957
87 247.1967380642891
88 248.40717129409313
89 249.64069947600365
90 250.88020531833172
91 252.15675646066666
92 253.6052514463663
93 255.21594750881195
94 257.053187713027
95 258.9454472064972
96 260.87696731090546
97 262.8337482959032
98 264.91161972284317
99 267.0228813290596
100 269.44082513451576
101 130.19477294385433
102 122.94842511415482
103 115.80177482962608
104 108.59287975728512
105 101.40165051817894
106 96.60118894279003
107 92.21322268247604
108 87.80374555289745
109 83.43727907538414
110 78.96931125223637
111 74.49131406843662
112 70.05464528501034
113 65.50637723505497
114 60.88369193673134
115 56.44265054166317
116 53.70182606577873
117 50.96493425965309
118 48.305892273783684
119 45.76185564696789
120 45.30450050532818
121 45.281113252043724
122 45.169877111911774
123 45.163938254117966
124 45.16398848593235
125 45.1268070936203
126 45.10133692622185
127 44.989925399422646
128 44.94314222037792
129 44.97648321092129
130 44.85342536866665
131 44.820050805807114
132 44.675237625837326
133 44.503152936697006
134 44.29591588675976
135 44.01649381220341
136 43.69210733473301
137 43.44170306622982
138 43.17159569263458
139 42.84878824651241
140 42.67821781337261
141 42.51362897455692
142 42.2689433246851
143 42.02827790379524
144 41.83643700182438
145 41.69736434519291
146 41.5055838227272
147 41.32755546271801
148 41.163237392902374
149 40.90891520678997
150 40.738599732518196
151 40.521535247564316
152 40.52511718869209
153 40.434922099113464
154 40.383888587355614
155 40.31737865507603
156 40.281874403357506
157 40.13686166703701
158 40.00166043639183
159 39.8195845335722
160 39.56539224088192
161 39.40508283674717
162 39.19981746375561
163 38.94364531338215
164 38.77752658724785
165 38.65421262383461
166 38.50352802872658
167 38.331614658236504
168 38.054339691996574
169 37.85320210456848
170 37.76726461946964
171 37.722418665885925
172 37.728369027376175
173 37.665910482406616
174 37.55244559049606
175 37.50147303938866
176 37.55220399796963
177 37.63421884179115
178 37.85496333241463
179 38.07367141544819
180 38.24957017600536
181 38.36666949093342
182 38.50764136016369
183 38.66204471886158
184 38.86729437112808
185 39.150600239634514
186 39.29325059056282
187 39.51424729824066
188 39.711844474077225
189 39.907534286379814
190 40.12465542554855
191 40.28909604251385
192 40.53543432056904
193 40.87352328002453
194 41.20981913805008
195 41.575591653585434
196 41.990120247006416
197 42.318550780415535
198 42.70746339857578
199 43.08695361018181
200 43.356740832328796
201 196.9940522313118
202 200.64075472950935
203 212.3946407288313
204 224.13083431124687
205 236.6862369030714
206 243.0641779601574
207 228.42063350975513
208 240.8724465072155
209 253.13642020523548
210 265.3786841481924
211 276.3169785887003
212 287.2026611417532
213 295.6100535392761
214 303.81002558767796
215 311.64667734503746
216 317.01746141910553
217 324.81058222055435
218 332.5352521389723
219 340.33418695628643
220 330.3214906603098
221 281.80590741336346
222 289.6709199845791
223 297.1374411135912
224 304.5319636017084
225 313.56290328502655
226 322.5710623562336
227 331.5660308599472
228 340.64346596598625
229 349.97709676623344
230 359.26637041568756
231 367.84914760291576
232 376.46939681470394
233 385.0288586765528
234 393.5610946714878
235 402.24947033822536
236 410.86732026934624
237 419.4855138361454
238 428.0900924503803
239 435.40156619250774
240 442.73450607061386
241 445.40369598567486
242 448.26240761578083
243 450.44767397642136
244 452.5823118388653
245 454.74839040637016
246 456.9495494365692
247 459.4830556958914
248 461.87039153277874
249 464.0775201022625
250 466.420738235116
251 468.0696728527546
252 469.3977182507515
253 469.5652114748955
254 469.90372909605503
255 469.88666194677353
256 469.75050692260265
257 469.53806506097317
258 469.0710456222296
259 468.5603437721729
260 468.05918180942535
261 468.0462788194418
262 468.00542272627354
263 467.80913612246513
264 467.7108073681593
265 467.5209029763937
266 467.32521480321884
267 466.91702108085155
268 466.6216968148947
269 466.22419552505016
270 465.90705865621567
271 465.0857900828123
272 464.533528894186
273 464.27361537516117
274 463.68380531668663
275 463.0759489685297
276 462.57949613034725
277 462.5909444987774
278 462.33744718134403
279 461.8699702769518
280 460.89140778779984
281 461.38246393203735
282 461.8516853749752
283 462.0571451038122
284 462.50244081020355
285 462.6621035784483
286 463.2549791187048
287 463.5490774810314
288 463.8196574896574
289 464.14855322241783
290 464.2966122329235
291 464.38317070901394
292 464.65162193775177
293 465.0683738589287
294 465.2930817306042
295 465.7839144617319
296 466.1258712410927
297 466.3425748795271
298 466.5753957629204
299 466.91776394844055
300 467.0255210697651
