step LAT
0 0.012119977886181375
1 0.0027492580142106085
2 0.00027291956750689585
3 0.0010228203975313453
4 0.0011699269220709035
5 0.0013400981189210888
6 0.001181210098782179
7 0.0009865263219725456
8 0.048175389828322465
9 0.04608224360656221
10 0.040444667349480816
11 0.03423400334156013
12 0.027852105818632122
13 0.027272445934089895
14 0.027116145893028496
15 0.02706994521429372
16 0.0271524802694691
17 0.027149570389892866
18 0.0260052494970268
19 0.024376927396254397
20 0.02272822889782721
21 0.021035440714437914
22 0.020711970174449874
23 0.021649390071341354
24 0.021919240684385874
25 0.022703422430856216
26 0.022862299435066694
27 0.022962122070459612
28 0.05651442597819677
29 0.0665862913342297
30 0.06652007980424718
31 0.06539033770449122
32 0.06371682530246645
33 0.062125528031688186
34 0.06065107236599037
35 0.05900293448350193
36 0.05748989383736257
37 0.05582689292460945
38 0.05474284573610089
39 0.05346647751222705
40 0.05194772824437383
41 0.050789982747009396
42 0.04970917400931496
43 0.04974186175426765
44 0.049959564751723536
45 0.050296850930662315
46 0.0504244314422919
47 0.05066242616066903
48 0.05109060522167107
49 0.05126163263451583
50 0.051734718375137254
51 0.051928186818755925
52 0.05237960943866782
53 0.05269236201155421
54 0.05285384922314518
55 0.0533183583045474
56 0.05321291051789111
57 0.05380592001051403
58 0.05403779635920837
59 0.05424736254170053
60 0.054621671451461996
61 0.05485715635639403
62 0.05488768796130601
63 0.0548756969168701
64 0.05545702071609955
65 0.05582794980071293
66 0.055814076123421597
67 0.055988991318597754
68 0.056163160945095845
69 0.0565662441983935
70 0.057157302361696014
71 0.05775215354258391
72 0.05778526362767797
73 0.05827347117505488
74 0.05865461003418618
75 0.058993948010637495
76 0.059409185668463496
77 0.059884146385353165
78 0.06008683774925379
79 0.06065649649766812
80 0.06099458673973189
81 0.061307109503894223
82 0.0619112158356159
83 0.06218478788195983
84 0.06333884793458852
85 0.0642775886966904
86 0.06476171203612588
87 0.0657912602389096
88 0.06656470889474272
89 0.06731631688048353
90 0.06776205797369536
91 0.06859535878991607
92 0.06930333643924697
93 0.07054316477118303
94 0.07160301589398019
95 0.073315482912677
96 0.07432698855484379
97 0.0756155558981353
98 0.07700268292381211
99 0.07788490601884288
100 0.07964296314778735
101 0.08753403200346764
102 0.08596627366649055
103 0.08547609305751822
104 0.08532880640868898
105 0.08638603996677191
106 0.088241092153498
107 0.08549001336323508
108 0.08474570323081754
109 0.08463167838271476
110 0.08306289722609367
111 0.08304776051585953
112 0.08166575662901478
113 0.08171132441231592
114 0.08154708468502889
115 0.08725751483026228
116 0.08796764713538294
117 0.09175423078365327
118 0.09650356677425685
119 0.10169452659831076
120 0.10407678961732536
121 0.10397104422157519
122 0.10325111114802177
123 0.10225603087786198
124 0.10251452203661804
125 0.10386005574373361
126 0.10322309083317241
127 0.10146782872860236
128 0.10048881049158492
129 0.10167982654751485
130 0.10513512463822397
131 0.10497660459167574
132 0.1043541999949198
133 0.10391106759811482
134 0.10274341118736147
135 0.10085146947082899
136 0.09944204857387429
137 0.09760916022760024
138 0.09806223869734161
139 0.09924998036314531
140 0.10107018470066165
141 0.10352994289759268
142 0.1036682948015823
143 0.1036184475776202
144 0.10456390678135305
145 0.10285412688020604
146 0.1052064749334126
147 0.10517082958561186
148 0.10397897960367956
149 0.10599679538792209
150 0.10828635986258493
151 0.10778701375390463
152 0.10563654772737194
153 0.10330891963524005
154 0.09992114368878383
155 0.09714467663652701
156 0.0970526412217104
157 0.09660699908917768
158 0.09671857918096219
159 0.09610655339557025
160 0.09568185310098884
161 0.0936377341155526
162 0.0955993974837317
163 0.09538624665329358
164 0.0974589295461866
165 0.09845784106020808
166 0.09808722726157271
167 0.09605721426592594
168 0.09490831055105911
169 0.0977265843200517
170 0.09674761282961737
171 0.09842729816952248
172 0.09561758334515502
173 0.09455889366865497
174 0.09500774084460262
175 0.09482671334944588
176 0.09580695059044508
177 0.0970343855369738
178 0.09716727265402986
179 0.09640564450963188
180 0.0958422005361248
181 0.09847885940805769
182 0.09713542903992733
183 0.0987981946589392
184 0.0978308618216116
185 0.0962124805775315
186 0.09757598780988042
187 0.09603781864149044
188 0.09534682851674024
189 0.09398966500101846
190 0.09423091046051064
191 0.09325721204465076
192 0.09254350977648829
193 0.09407801754460524
194 0.09532240620322606
195 0.0949168181803251
196 0.09437635760030659
197 0.09325869456839046
198 0.09226872022311089
199 0.09265931178650713
200 0.09223168281173094
201 0.09057183279878381
202 0.09174170419188052
203 0.09112668584451522
204 0.08975136569930006
205 0.08648026726810573
206 0.08780908322659703
207 0.09657504557002733
208 0.09274687332557707
209 0.08939773966247816
210 0.08523424376621065
211 0.08195340679159328
212 0.07973099735075134
213 0.08018906180865856
214 0.08083484420257897
215 0.08142951370282586
216 0.08655381392727837
217 0.08531413863549489
218 0.08588630805705737
219 0.08550056220564636
220 0.09502060964542888
221 0.1280565754561545
222 0.13249271248687983
223 0.1367664948025627
224 0.13957864513458199
225 0.13913875681650084
226 0.13885239729828638
227 0.1380647834098379
228 0.1365626304706784
229 0.13477610125045436
230 0.13411392508243966
231 0.1344484418565039
232 0.13536486468400594
233 0.13756905812521972
234 0.13944067891591097
235 0.13867068740386057
236 0.13775149916917606
237 0.13606982809263596
238 0.13424077230169573
239 0.13240284262386942
240 0.13046118205793916
241 0.13055199124131128
242 0.12997987708474187
243 0.13005338550550533
244 0.12992729405685638
245 0.12939713936524974
246 0.12841745170234684
247 0.12730326467224978
248 0.12610359820086126
249 0.1249019856390607
250 0.12368856474386608
251 0.12290410180160144
252 0.1224111833359377
253 0.12236092108385205
254 0.12224773386102161
255 0.1220456534898636
256 0.12187159265659263
257 0.12190678522560311
258 0.12192406354955238
259 0.12202359443979971
260 0.12274413439418749
261 0.122525273857385
262 0.12215316869099428
263 0.12181674579792241
264 0.12145416381132318
265 0.12125781482301184
266 0.12082364947197285
267 0.12065599207010778
268 0.12059476153405606
269 0.12048504263159265
270 0.12039750842648556
271 0.1206643346935615
272 0.12097277697647771
273 0.1208416076220017
274 0.12116090086145948
275 0.12137427783228043
276 0.12150836422981073
277 0.12164987012115748
278 0.12183371478680968
279 0.12205945546022702
280 0.12248963846808693
281 0.12275733695093417
282 0.1226144547343326
283 0.12269037778193642
284 0.1226821752945696
285 0.12278954600350654
286 0.12273125551698659
287 0.12280417902012537
288 0.12291859168301918
289 0.12295362418828462
290 0.12330333196991523
291 0.12342055441787536
292 0.12360913060602606
293 0.1237669860404219
294 0.12407847436849721
295 0.12405337204479003
296 0.12390600605266473
297 0.12402205466931643
298 0.12411365030591458
299 0.12420205001984833
300 0.12416227090088922
