step DEG
0 46.278707812499974
1 15.87952499999999
2 0.09690624999999996
3 3.0042343750000007
4 3.0964453125
5 3.1977109374999992
6 3.224140624999997
7 3.1567968749999986
8 3.1566562500000015
9 3.1569375
10 3.157320312500003
11 3.156507812499998
12 3.156664062500002
13 3.156523437499997
14 3.1565468749999996
15 3.156624999999999
16 3.156460937499998
17 3.1565625000000015
18 3.156570312499998
19 3.156546875
20 3.1565234374999998
21 3.1566093750000004
22 3.156531249999999
23 3.1566093750000013
24 3.156593749999999
25 3.1564921874999987
26 3.1565703125000004
27 3.1565546875000052
28 3.1565703125
29 3.156515625
30 3.156546874999999
31 3.1564843749999976
32 3.156523437499995
33 3.1564999999999985
34 3.156492187500003
35 3.1565624999999944
36 3.1565625000000006
37 3.1565859375000014
38 3.1565546874999963
39 3.1565546874999995
40 3.156585937500001
41 3.156562500000001
42 3.1565468750000005
43 3.156617187500001
44 3.1565468749999988
45 3.156507812499996
46 3.1564687499999975
47 3.15646875
48 3.1565624999999975
49 3.1565078125
50 3.1565468749999996
51 3.1564921874999987
52 3.1565703125000004
53 3.1565234374999984
54 3.1565624999999993
55 3.1564531249999987
56 3.156585937500001
57 3.156398437500001
58 3.156648437500002
59 3.1566406249999996
60 3.156570312499995
61 3.156523437499998
62 3.1565624999999997
63 3.1565390624999967
64 3.1565078124999983
65 3.1564921874999965
66 3.1564999999999976
67 3.156617187499999
68 3.1565546875
69 3.1563828125000026
70 3.1565156250000017
71 3.1565468750000005
72 3.1565624999999997
73 3.1565937500000008
74 3.1564843749999993
75 3.1565312499999996
76 3.156578125
77 3.156476562499996
78 3.156515625
79 3.1565156249999995
80 3.1564921874999987
81 3.1566406250000014
82 3.1564999999999963
83 3.1564765624999946
84 3.156492187499999
85 3.1565703124999978
86 3.156578125000004
87 3.156484374999998
88 3.156562499999999
89 3.156601562500001
90 3.1565156249999995
91 3.156499999999998
92 3.1565703125000013
93 3.156460937499996
94 3.1565468750000027
95 3.1565468749999983
96 3.156500000000002
97 3.1564843749999953
98 3.156515624999999
99 3.1565937500000008
100 3.1565078124999966
101 0.599714658322732
102 0.5999116808850307
103 0.6234144653146745
104 0.6399721557035591
105 0.6556747175035549
106 0.6716760286487563
107 0.6828484356681386
108 0.6980620463219338
109 0.7087610925066724
110 0.7123386792511659
111 0.7123965582828207
112 0.718643596123625
113 0.7296661412731675
114 0.732969143655367
115 0.731952265584075
116 0.7393144004589782
117 0.7270814624959466
118 0.7314352518770735
119 0.7283949462446055
120 0.7217133284691559
121 0.7268895067849037
122 0.7345597451919477
123 0.7374704563595998
124 0.7275261761331038
125 0.7247249869041383
126 0.7207219795330388
127 0.7291787491581234
128 0.7144595462595725
129 0.7047873169697424
130 0.7009468385966223
131 0.7102456799246674
132 0.712288010738606
133 0.7176992130010729
134 0.7073813499338971
135 0.7092777164558859
136 0.7043882049938889
137 0.710609908578413
138 0.7071564596896904
139 0.7110062922497442
140 0.7157453572052185
141 0.7227777569906954
142 0.7199112833320862
143 0.7181176179874779
144 0.7314225847489342
145 0.7426425422185639
146 0.7410145239342469
147 0.7364375982189626
148 0.7280346151687493
149 0.7219206796128608
150 0.7229572404524933
151 0.7296252167053305
152 0.7298999959465193
153 0.7324887671805236
154 0.7385516444660624
155 0.733218004003592
156 0.7288437523385467
157 0.7290203126169276
158 0.7355616175883658
159 0.7407229851081347
160 0.747745835827783
161 0.7494640830402354
162 0.7382725778891965
163 0.7265923164708525
164 0.7359198049963829
165 0.745374939197785
166 0.7509741995934044
167 0.7549703862031978
168 0.7436021258948841
169 0.731668132155953
170 0.7314492831574747
171 0.7326715635835268
172 0.7259885816558158
173 0.7238121741624886
174 0.7136839282596223
175 0.7148348830103018
176 0.7248407449674481
177 0.734863561388411
178 0.7471701635735489
179 0.7484799446232131
180 0.7417086825563121
181 0.7213744340716904
182 0.7165274062086862
183 0.7213828138641519
184 0.7205594505350597
185 0.7256415023447832
186 0.7293964288832342
187 0.725341388847315
188 0.7347706041557536
189 0.7348288729451969
190 0.740181806418219
191 0.7421013635286491
192 0.7515081677642245
193 0.7516765431290384
194 0.7389708289680463
195 0.7229617226670663
196 0.7202774607747758
197 0.7292068117189251
198 0.73736034978423
199 0.7349298202125272
200 0.7471165718775723
201 1.4885546874999986
202 1.5112109375000011
203 3.1667890624999995
204 3.180085937500002
205 3.181742187500001
206 3.1979531249999984
207 3.156875000000002
208 3.156624999999998
209 3.156664062500001
210 3.1569218750000023
211 3.156554687499999
212 3.156507812499995
213 3.1565000000000003
214 3.156578124999998
215 3.1565156250000026
216 3.1565312499999996
217 3.156500000000003
218 3.156531249999996
219 3.1565078124999975
220 3.1566015625000023
221 3.156476562499998
222 3.1565546874999972
223 3.1565390625000003
224 3.15659375
225 3.1565390624999994
226 3.1565078125000006
227 3.1565703124999995
228 3.156492187500001
229 3.156468750000002
230 3.1564765625
231 3.1567109375000033
232 3.156484374999998
233 3.1564687499999975
234 3.1565468749999956
235 3.156585937499999
236 3.156554687499998
237 3.156625000000002
238 3.1566171874999998
239 3.156531249999999
240 3.1564687499999975
241 3.1566640625000026
242 3.1565078125000023
243 3.156414062500001
244 3.1564765624999995
245 3.156562500000004
246 3.1564531250000014
247 3.1565390624999967
248 3.156562499999998
249 3.1565390624999994
250 3.1564843749999962
251 3.156585937500002
252 3.1564687499999966
253 3.1565390625000003
254 3.156492187500001
255 3.1564687499999984
256 3.156507812500002
257 3.156648437499998
258 3.1565234375
259 3.1565546875000026
260 3.1564531249999987
261 3.156546875000002
262 3.156539062499997
263 3.1564765625
264 3.1566093750000013
265 3.1565703125000044
266 3.1565703125000004
267 3.156499999999998
268 3.156437499999999
269 3.1565546875000026
270 3.156515624999998
271 3.1565234374999998
272 3.1564765624999973
273 3.1565937500000003
274 3.1565390624999963
275 3.1564687499999966
276 3.1565312500000005
277 3.1566171875000015
278 3.1565078124999975
279 3.1565546875000012
280 3.1564999999999968
281 3.1565781249999985
282 3.156609374999999
283 3.156585937500001
284 3.1565156250000004
285 3.1565468749999983
286 3.156484375000002
287 3.1565312499999996
288 3.1565312499999987
289 3.1564765624999973
290 3.1564999999999968
291 3.156515625000001
292 3.1565468750000005
293 3.156484374999999
294 3.1565156250000026
295 3.156554687500001
296 3.1564999999999976
297 3.156531249999995
298 3.156546875000002
299 3.156585937500001
300 3.156453124999997
