step DEG
0 5.0502343750000005
1 1.0071812500000001
2 0.1328593750000001
3 0.16028906250000008
4 0.20116406249999996
5 0.2363828124999999
6 0.2778906249999999
7 0.3206328125
8 0.36425781250000006
9 0.40959375000000037
10 0.4567578124999999
11 0.5038984375000004
12 0.5517187499999996
13 0.6022812499999998
14 0.6543828124999997
15 0.7040390625000001
16 0.7568125000000003
17 0.8114843750000001
18 0.8656249999999998
19 0.9202812499999997
20 0.9728515625000003
21 1.0268750000000006
22 1.0851250000000006
23 1.1404687500000013
24 1.1969921874999998
25 1.2548046875
26 1.3104218749999998
27 1.3675625000000011
28 1.4216718750000013
29 1.4765625000000004
30 1.5259843749999984
31 1.5616171875000004
32 1.5857890625
33 1.5975234375
34 1.6026718749999986
35 1.6041328125
36 1.6046953124999992
37 1.6051953125000002
38 1.6046562500000008
39 1.6036718749999994
40 1.6037109374999992
41 1.6039765625000002
42 1.6040156249999995
43 1.6036874999999984
44 1.6036406250000002
45 1.6035078124999993
46 1.6038984374999998
47 1.6032109374999983
48 1.6029296875
49 1.6028203125000005
50 1.6030703124999997
51 1.6021718749999998
52 1.6016796875000001
53 1.6017343749999997
54 1.6020781250000011
55 1.6018671874999997
56 1.6022499999999984
57 1.6033906249999985
58 1.604046875000001
59 1.6056250000000003
60 1.6056640625000003
61 1.6069140624999996
62 1.6070078125000007
63 1.6075937499999993
64 1.6077187500000005
65 1.6074687500000002
66 1.6071562499999998
67 1.6092109374999999
68 1.6094140625
69 1.6096015625000004
70 1.610125
71 1.6100703125
72 1.6115156250000005
73 1.6110937499999993
74 1.6113515625
75 1.6110312500000017
76 1.6116562499999998
77 1.6127421874999994
78 1.6136250000000014
79 1.6132656249999997
80 1.6137656250000005
81 1.6147968749999997
82 1.6150390625000006
83 1.6153203124999997
84 1.614609375000001
85 1.6146484374999992
86 1.6158124999999997
87 1.6152109375
88 1.6151874999999996
89 1.6152031249999994
90 1.6167968749999992
91 1.6164140624999996
92 1.6160937499999992
93 1.6158671875000012
94 1.6165546874999999
95 1.615695312500001
96 1.6154999999999997
97 1.6162421874999997
98 1.6167265625000007
99 1.6169296875000008
100 1.6161875
101 0.3801440672711788
102 0.379293841617087
103 0.3776388278535151
104 0.3811635221818789
105 0.3793648912400433
106 0.38181664980311153
107 0.3837762531421546
108 0.3849513590294215
109 0.38739827290649737
110 0.3858391878502765
111 0.3832971394388216
112 0.3860612677021156
113 0.3848402475355889
114 0.38285692635925844
115 0.3793813380082172
116 0.38110901167279143
117 0.38390215841623154
118 0.3843182265596707
119 0.3845052716093727
120 0.38136196615323426
121 0.3834791366420033
122 0.3862493204742077
123 0.3883193727267259
124 0.3899137280666048
125 0.3879620364449302
126 0.3874185739530915
127 0.3919734214408529
128 0.3883893222815978
129 0.39278445096495346
130 0.3882376294723574
131 0.38595187037523526
132 0.3854314308193339
133 0.38688082188813105
134 0.3903597554619526
135 0.39372298911525
136 0.39160917423815156
137 0.38955977971747247
138 0.39316500641728697
139 0.39670712753250664
140 0.3968835678335269
141 0.4017480527432803
142 0.4096885761967226
143 0.4107830677557351
144 0.41562338579726193
145 0.4083160663814837
146 0.4053746216873937
147 0.41135120617144083
148 0.40402862201237644
149 0.4105776805424815
150 0.4148554886383768
151 0.42341754940531573
152 0.4142860966298698
153 0.4173383677004608
154 0.41759125061299035
155 0.41781257553877793
156 0.42177403845230377
157 0.4269267261940556
158 0.4219899484574355
159 0.4232203913477549
160 0.4252741284247139
161 0.43373418298328914
162 0.4392670879612687
163 0.42426400273779136
164 0.433484633750327
165 0.43766444344099564
166 0.44520149124075215
167 0.43674997288730405
168 0.4358338989814935
169 0.4354210121472265
170 0.4441324605440093
171 0.4384179958505752
172 0.44073234632900776
173 0.4363693885769411
174 0.43902202788337613
175 0.43847782085437614
176 0.4443256142613961
177 0.4475440983473521
178 0.45484541183003013
179 0.45222994859152116
180 0.4522113109217475
181 0.4521081827131963
182 0.44339519560628043
183 0.44503109034814636
184 0.4536536456251706
185 0.4480949138651076
186 0.4528874626332383
187 0.4670318298617018
188 0.4648046594903968
189 0.47132779889272347
190 0.47632137038572564
191 0.47654990520160395
192 0.47275350444522635
193 0.476687893909794
194 0.4822469211760794
195 0.4788499167023369
196 0.47899675789965707
197 0.47428161213825815
198 0.47699320724464545
199 0.4821862950733794
200 0.4755591120858056
201 1.4515390625000006
202 1.4789062500000014
203 1.5810625000000003
204 1.6123124999999998
205 1.6363046875000005
206 1.653234375
207 1.6646875000000003
208 1.6772968750000001
209 1.6832187499999995
210 1.6859609375000004
211 1.6865234375
212 1.6890078125000008
213 1.6891484374999997
214 1.6895468749999993
215 1.6928124999999994
216 1.6922812499999995
217 1.6941484375
218 1.6905781250000012
219 1.6900312500000005
220 1.6907968750000004
221 1.6900468749999997
222 1.6908124999999998
223 1.6903515624999992
224 1.690929687500001
225 1.6943281250000004
226 1.6929843750000002
227 1.692890625
228 1.6923359375000002
229 1.695515625
230 1.6950156250000012
231 1.6949453124999998
232 1.696078124999999
233 1.6976640625
234 1.6920156250000007
235 1.693023437499999
236 1.6937343750000013
237 1.6920781250000019
238 1.6905937500000014
239 1.6905000000000001
240 1.693546875
241 1.6938906250000005
242 1.6941953125000002
243 1.6931328124999994
244 1.6925000000000003
245 1.6937812500000013
246 1.6947656250000023
247 1.6930312500000015
248 1.695125
249 1.6973359375000006
250 1.695625000000001
251 1.6941953124999998
252 1.696132812500001
253 1.6939843749999997
254 1.6960703124999994
255 1.694335937500003
256 1.69765625
257 1.6973749999999987
258 1.697953125
259 1.6992499999999997
260 1.6982578125
261 1.698445312500001
262 1.6975546875000007
263 1.6956093749999996
264 1.6977578125
265 1.6959140625000013
266 1.6946562499999986
267 1.6940703124999987
268 1.6921640624999987
269 1.6935078125000003
270 1.691796875
271 1.6935468749999996
272 1.6956640625000006
273 1.6942187499999992
274 1.6943984375000014
275 1.6947109375000002
276 1.6956484374999992
277 1.6958906249999997
278 1.6966484375
279 1.694164062500001
280 1.6928984374999996
281 1.6910859375000005
282 1.6919375000000008
283 1.6923359374999993
284 1.6905078125000008
285 1.6898593750000006
286 1.6882500000000016
287 1.6919609374999993
288 1.6935859375
289 1.6942421874999996
290 1.6930625000000017
291 1.6930156250000015
292 1.693398437500002
293 1.6946484375000008
294 1.6937656250000002
295 1.6946718750000005
296 1.6911718750000007
297 1.6919296875000005
298 1.6908828124999984
299 1.690320312499999
300 1.6905625000000017
