step CC
0 0.03668203016545331
1 0.00806204063942747
2 0.03634101965473365
3 0.05349206921020857
4 0.05620642239906264
5 0.050549208783205735
6 0.043171640250963095
7 0.042706404785541996
8 0.04412603897181378
9 0.0477246465953608
10 0.05243703022613292
11 0.05836327450304757
12 0.0619219750298326
13 0.06376148070559261
14 0.064438655098649
15 0.06307966084822814
16 0.05967260705528459
17 0.05561883050018683
18 0.05102862557230228
19 0.04648766772327528
20 0.041729031846943904
21 0.03677525949068735
22 0.03298590031974253
23 0.02870318191170557
24 0.025204347302327866
25 0.02238384720095792
26 0.019970170131263617
27 0.017887745308635412
28 0.016640496925936724
29 0.01566291140520794
30 0.015094617837995823
31 0.01465043486324807
32 0.013904426083721583
33 0.01371519755835317
34 0.01342875333959949
35 0.01316644570763395
36 0.013035948487825796
37 0.012936429278760056
38 0.013011039691774159
39 0.012939739628959956
40 0.012873767357714118
41 0.012860578124761381
42 0.013190806913658292
43 0.012951068241193471
44 0.013071785092386086
45 0.013094421742531103
46 0.013133075271695242
47 0.013125060823082398
48 0.013162831725377955
49 0.01309386687172984
50 0.013116208883241585
51 0.013210558206072314
52 0.013238840466061406
53 0.013315942448791014
54 0.013399063329445753
55 0.013369247409258189
56 0.013184209575972746
57 0.013456546753391885
58 0.013286322144988169
59 0.013446421931585132
60 0.01326351073005672
61 0.013276957154267193
62 0.013296030855310313
63 0.013449962304536232
64 0.013315554611744615
65 0.013443573639963263
66 0.013288501552343098
67 0.013299699120782696
68 0.013351684224734404
69 0.013209117954607396
70 0.013171567723857004
71 0.013267306172765666
72 0.013120916654388476
73 0.013300524249735912
74 0.0132310782275352
75 0.013229267131779772
76 0.013177857285877915
77 0.013214990765472676
78 0.013339366057654477
79 0.013331798622391292
80 0.013382508672853788
81 0.013538701507593471
82 0.013381665447700376
83 0.013238400271243844
84 0.013314574076998376
85 0.013219885142157212
86 0.013323789086182196
87 0.013428095685177435
88 0.013300466997428559
89 0.01340538897811145
90 0.013439300307712803
91 0.013451587225541767
92 0.013409411266547197
93 0.013401839566726288
94 0.013435352646781319
95 0.013288171313813142
96 0.01352520818989094
97 0.013448835488283201
98 0.013448486630726226
99 0.013405882391648574
100 0.013341292529009667
101 0.012841802523213227
102 0.013334072899209183
103 0.016975466492317532
104 0.0209436416746527
105 0.024030222282979317
106 0.02615885801718759
107 0.028507329347161877
108 0.03027767577083728
109 0.031952766021607876
110 0.03329932298773977
111 0.03382506758383355
112 0.03439734337964978
113 0.034820094236695305
114 0.03485993140988799
115 0.034949563078229
116 0.03499412057790613
117 0.03471426732048039
118 0.03380966010928474
119 0.03293788622007709
120 0.03202073467794248
121 0.030607387975435545
122 0.02822511248421495
123 0.026830614207824226
124 0.025296224010793397
125 0.023757875315454494
126 0.022062667917517903
127 0.020990974689650565
128 0.02016700017029365
129 0.01926778401563449
130 0.01863766202190139
131 0.018336938301961217
132 0.01815375833487873
133 0.017573458079443667
134 0.017119125647860497
135 0.016960433404206623
136 0.01683576248565393
137 0.016400152896792836
138 0.01620678563260483
139 0.01608547542547093
140 0.015916105599404783
141 0.015884139851375125
142 0.01607531417490165
143 0.015584800188437083
144 0.015710392261126232
145 0.015397875119108482
146 0.015487996357587174
147 0.015421110258209683
148 0.01549518639057478
149 0.015554598467839756
150 0.015380446025708351
151 0.015067977295395968
152 0.014810974826151319
153 0.015109401829816876
154 0.015224291152175135
155 0.015232451193354191
156 0.0153227851587893
157 0.015110297991337566
158 0.015349451743163168
159 0.015191156490155592
160 0.015093978755588456
161 0.015079861033983268
162 0.015223866991506775
163 0.015120127724230464
164 0.015270170376642994
165 0.015130830940462624
166 0.015168614882945828
167 0.01525239009125195
168 0.015333830694290078
169 0.015371828400990956
170 0.015280107940161203
171 0.015098466603268992
172 0.015143556350216464
173 0.015100772160921145
174 0.015238048640709318
175 0.015110675528092206
176 0.015117710000702018
177 0.015087606011700831
178 0.015183497342073865
179 0.015069518603610641
180 0.01521791340187176
181 0.014998131857646257
182 0.015246607313797105
183 0.01514816388242969
184 0.014961057502427632
185 0.014885405333050813
186 0.014834121831404559
187 0.014843861129725624
188 0.015227392674837465
189 0.015217561106305847
190 0.01513479030788223
191 0.015131307875497726
192 0.015243672310065988
193 0.015335785959055681
194 0.015152966425647747
195 0.015378621735914536
196 0.01496046373836467
197 0.01504075009621447
198 0.015098565256102437
199 0.015350571224073196
200 0.015207514263428732
201 0.012528845395475201
202 0.013249931949452079
203 0.014794081524246234
204 0.016400920339973354
205 0.014551996938207048
206 0.015994780009892587
207 0.015900085801920875
208 0.016908885835325384
209 0.016712155771317194
210 0.01673752560719354
211 0.016527384434538543
212 0.017288295029972475
213 0.018373377210716062
214 0.01922747504061671
215 0.019005945311283426
216 0.018032438315277892
217 0.016941574652091236
218 0.01575977700602536
219 0.0152249730868603
220 0.014610609869727674
221 0.014007166598896729
222 0.013802648480604088
223 0.01324875621318311
224 0.013531402445003081
225 0.013182738924380974
226 0.013131959434255403
227 0.012971903900212562
228 0.012964778429108058
229 0.013032186504654807
230 0.013077429921682574
231 0.013228980575269235
232 0.013065505967715997
233 0.013204258627259694
234 0.013274116644319114
235 0.013266983830620787
236 0.013086004709768978
237 0.01301068988874419
238 0.012994538807988072
239 0.013198182690342647
240 0.01325331092966906
241 0.013304671728558976
242 0.013307207014685896
243 0.013225395261875965
244 0.013223599237658326
245 0.013291496329579834
246 0.013207158561519657
247 0.01321492640645936
248 0.013142393899241583
249 0.01318785720193005
250 0.013140699313898432
251 0.013222752235009867
252 0.013336863784192774
253 0.013350533092315424
254 0.013442301081752442
255 0.013230285363985456
256 0.013426965684070891
257 0.013337085169790826
258 0.013345295421415528
259 0.0132522641828614
260 0.013218284870751607
261 0.013213134127807795
262 0.013293183013087151
263 0.013180475433708427
264 0.013330934790233137
265 0.013315023291295826
266 0.013119695350938196
267 0.013420431043911574
268 0.013382910552615142
269 0.01323925168414168
270 0.013183152558569758
271 0.013309091347429126
272 0.013367754933508533
273 0.013216534374703945
274 0.013252322110011061
275 0.013384312906216302
276 0.013455171347523574
277 0.013397910922758955
278 0.013503079878446976
279 0.013496764358625152
280 0.013354931680522176
281 0.013395516572583886
282 0.013220850577348111
283 0.01340332168912415
284 0.01330830859124559
285 0.013317055848871703
286 0.013175158843250538
287 0.013246067205745223
288 0.013315105025158473
289 0.013282742325115253
290 0.01318444827203308
291 0.013176529919062391
292 0.013279862505036223
293 0.013076923727349083
294 0.013160849671696133
295 0.013331740187008789
296 0.013281396410887934
297 0.013231640868775643
298 0.013115217699971572
299 0.013245180350312934
300 0.01325065934446195
