step CC
0 0.43022595766303307
1 0.07658182906049173
2 0.008369472183772398
3 0.010595861933528277
4 0.01055123098860342
5 0.009560273571101237
6 0.009006831984820017
7 0.008781386055329575
8 0.00868505641412597
9 0.008661903233144336
10 0.008810754645534206
11 0.009011970720698832
12 0.009503215886961357
13 0.01019197656885968
14 0.01093759424096202
15 0.011914249218131431
16 0.012776191314035474
17 0.013172804534115994
18 0.013369005191772105
19 0.01342961311980617
20 0.013422052190349823
21 0.013388903421049519
22 0.013315671227993138
23 0.013225907489435244
24 0.013111714698520818
25 0.013008962693871988
26 0.012837191705818223
27 0.012667153213138552
28 0.012463069933300066
29 0.012145121286851659
30 0.011849006484204878
31 0.011458167497362368
32 0.011018793663982307
33 0.010633800189368218
34 0.010061734632217927
35 0.009487788063333075
36 0.008833252651962359
37 0.008244144207197157
38 0.007642778294924559
39 0.007042289038193176
40 0.006489909215882257
41 0.005997774306395051
42 0.0056163217282633035
43 0.0053547548072638285
44 0.005080270066399219
45 0.004873387907804739
46 0.004720244388411898
47 0.004606158980826016
48 0.004505327521936245
49 0.004439027814546595
50 0.004391655379488991
51 0.004342658835180501
52 0.004309592362733365
53 0.00427490673314974
54 0.0042477661830774525
55 0.004230543002518541
56 0.004208800276103588
57 0.004187043771663196
58 0.0041718889030210315
59 0.0041573736658084455
60 0.0041422755529934
61 0.004129979322828608
62 0.004113883858113041
63 0.004098503691289471
64 0.004086169518946749
65 0.004073140178872489
66 0.004063281915697393
67 0.00405047608834557
68 0.0040395478323548475
69 0.00402438029839541
70 0.004016313941309536
71 0.004006349333102166
72 0.003996708729280244
73 0.003988660658745704
74 0.003980600537358122
75 0.003969621809697257
76 0.003961321654087576
77 0.003955677725169081
78 0.003947962399245098
79 0.0039425765726572495
80 0.003940593872674333
81 0.003939452919112244
82 0.003938408735800039
83 0.003938065194517998
84 0.003938065194517998
85 0.003938049099339676
86 0.0039377551221628435
87 0.0039377551221628435
88 0.0039377551221628435
89 0.0039377551221628435
90 0.0039377551221628435
91 0.0039377551221628435
92 0.0039377551221628435
93 0.0039377551221628435
94 0.0039377551221628435
95 0.0039377551221628435
96 0.0039377551221628435
97 0.0039377551221628435
98 0.0039377551221628435
99 0.0039377551221628435
100 0.0039377551221628435
101 0.009659411748998016
102 0.009659411748998016
103 0.009659411748998016
104 0.009659411748998016
105 0.009659411748998016
106 0.009659411748998016
107 0.009659411748998016
108 0.009659411748998016
109 0.009659411748998016
110 0.009659411748998016
111 0.009659411748998016
112 0.009659411748998016
113 0.009659411748998016
114 0.009659411748998016
115 0.009659411748998016
116 0.009659411748998016
117 0.009659411748998016
118 0.009659411748998016
119 0.009659411748998016
120 0.009659411748998016
121 0.009659411748998016
122 0.009659411748998016
123 0.009659411748998016
124 0.009659411748998016
125 0.009659411748998016
126 0.009659411748998016
127 0.009659411748998016
128 0.009659411748998016
129 0.009659411748998016
130 0.009659411748998016
131 0.009659411748998016
132 0.009659411748998016
133 0.009659411748998016
134 0.009659411748998016
135 0.009659411748998016
136 0.009659411748998016
137 0.009659411748998016
138 0.009659411748998016
139 0.009659411748998016
140 0.009659411748998016
141 0.009659411748998016
142 0.009659411748998016
143 0.009659411748998016
144 0.009659411748998016
145 0.009659411748998016
146 0.009659411748998016
147 0.009659411748998016
148 0.009659411748998016
149 0.009659411748998016
150 0.009659411748998016
151 0.009659411748998016
152 0.009659411748998016
153 0.009659411748998016
154 0.009659411748998016
155 0.009659411748998016
156 0.009659411748998016
157 0.009659411748998016
158 0.009659411748998016
159 0.009659411748998016
160 0.009659411748998016
161 0.009659411748998016
162 0.009659411748998016
163 0.009659411748998016
164 0.009659411748998016
165 0.009659411748998016
166 0.009659411748998016
167 0.009659411748998016
168 0.009659411748998016
169 0.009659411748998016
170 0.009659411748998016
171 0.009659411748998016
172 0.009659411748998016
173 0.009659411748998016
174 0.009659411748998016
175 0.009659411748998016
176 0.009659411748998016
177 0.009659411748998016
178 0.009659411748998016
179 0.009659411748998016
180 0.009659411748998016
181 0.009659411748998016
182 0.009659411748998016
183 0.009659411748998016
184 0.009659411748998016
185 0.009659411748998016
186 0.009659411748998016
187 0.009659411748998016
188 0.009659411748998016
189 0.009659411748998016
190 0.009659411748998016
191 0.009659411748998016
192 0.009659411748998016
193 0.009659411748998016
194 0.009659411748998016
195 0.009659411748998016
196 0.009659411748998016
197 0.009659411748998016
198 0.009659411748998016
199 0.009659411748998016
200 0.009659411748998016
201 0.0039377551221628435
202 0.0039377551221628435
203 0.0039377551221628435
204 0.0039377551221628435
205 0.0039377551221628435
206 0.0039377551221628435
207 0.0039377551221628435
208 0.0039377551221628435
209 0.0039377551221628435
210 0.0039377551221628435
211 0.0039377551221628435
212 0.0039377551221628435
213 0.0039377551221628435
214 0.0039377551221628435
215 0.0039377551221628435
216 0.0039377551221628435
217 0.0039377551221628435
218 0.0039377551221628435
219 0.0039377551221628435
220 0.0039377551221628435
221 0.0039377551221628435
222 0.0039377551221628435
223 0.0039377551221628435
224 0.0039377551221628435
225 0.0039377551221628435
226 0.0039377551221628435
227 0.0039377551221628435
228 0.0039377551221628435
229 0.0039377551221628435
230 0.0039377551221628435
231 0.0039377551221628435
232 0.0039377551221628435
233 0.0039377551221628435
234 0.0039377551221628435
235 0.0039377551221628435
236 0.0039377551221628435
237 0.0039377551221628435
238 0.0039377551221628435
239 0.0039377551221628435
240 0.0039377551221628435
241 0.0039377551221628435
242 0.0039377551221628435
243 0.0039377551221628435
244 0.0039377551221628435
245 0.0039377551221628435
246 0.0039377551221628435
247 0.0039377551221628435
248 0.0039377551221628435
249 0.0039377551221628435
250 0.0039377551221628435
251 0.0039377551221628435
252 0.0039377551221628435
253 0.0039377551221628435
254 0.0039377551221628435
255 0.0039377551221628435
256 0.0039377551221628435
257 0.0039377551221628435
258 0.0039377551221628435
259 0.0039377551221628435
260 0.0039377551221628435
261 0.0039377551221628435
262 0.0039377551221628435
263 0.0039377551221628435
264 0.0039377551221628435
265 0.0039377551221628435
266 0.0039377551221628435
267 0.0039377551221628435
268 0.0039377551221628435
269 0.0039377551221628435
270 0.0039377551221628435
271 0.0039377551221628435
272 0.0039377551221628435
273 0.0039377551221628435
274 0.0039377551221628435
275 0.0039377551221628435
276 0.0039377551221628435
277 0.0039377551221628435
278 0.0039377551221628435
279 0.0039377551221628435
280 0.0039377551221628435
281 0.0039377551221628435
282 0.0039377551221628435
283 0.0039377551221628435
284 0.0039377551221628435
285 0.0039377551221628435
286 0.0039377551221628435
287 0.0039377551221628435
288 0.0039377551221628435
289 0.0039377551221628435
290 0.0039377551221628435
291 0.0039377551221628435
292 0.0039377551221628435
293 0.0039377551221628435
294 0.0039377551221628435
295 0.0039377551221628435
296 0.0039377551221628435
297 0.0039377551221628435
298 0.0039377551221628435
299 0.0039377551221628435
300 0.0039377551221628435
