step CC
0 0.07714303185834244
1 0.016599040656164743
2 0.0013806897629452446
3 0.002270857456756082
4 0.0025767537669925036
5 0.002695532144009023
6 0.0026809569094338615
7 0.0026597429765551203
8 0.002712474517705332
9 0.002904649127826741
10 0.0031599382080236328
11 0.0031907870919250514
12 0.002894611212939574
13 0.0024901201221148965
14 0.0022021080308182554
15 0.0021303201913010186
16 0.002126201096769241
17 0.002126181781070803
18 0.002126181781070803
19 0.002126181781070803
20 0.002126181781070803
21 0.002126181781070803
22 0.002126181781070803
23 0.002126181781070803
24 0.002126181781070803
25 0.002126181781070803
26 0.002126181781070803
27 0.002126181781070803
28 0.002126181781070803
29 0.002126181781070803
30 0.002126181781070803
31 0.002126181781070803
32 0.002126181781070803
33 0.002126181781070803
34 0.002126181781070803
35 0.002126181781070803
36 0.002126181781070803
37 0.002126181781070803
38 0.002126181781070803
39 0.002126181781070803
40 0.002126181781070803
41 0.002126181781070803
42 0.002126181781070803
43 0.002126181781070803
44 0.002126181781070803
45 0.002126181781070803
46 0.002126181781070803
47 0.002126181781070803
48 0.002126181781070803
49 0.002126181781070803
50 0.002126181781070803
51 0.002126181781070803
52 0.002126181781070803
53 0.002126181781070803
54 0.002126181781070803
55 0.002126181781070803
56 0.002126181781070803
57 0.002126181781070803
58 0.002126181781070803
59 0.002126181781070803
60 0.002126181781070803
61 0.002126181781070803
62 0.002126181781070803
63 0.002126181781070803
64 0.002126181781070803
65 0.002126181781070803
66 0.002126181781070803
67 0.002126181781070803
68 0.002126181781070803
69 0.002126181781070803
70 0.002126181781070803
71 0.002126181781070803
72 0.002126181781070803
73 0.002126181781070803
74 0.002126181781070803
75 0.002126181781070803
76 0.002126181781070803
77 0.002126181781070803
78 0.002126181781070803
79 0.002126181781070803
80 0.002126181781070803
81 0.002126181781070803
82 0.002126181781070803
83 0.002126181781070803
84 0.002126181781070803
85 0.002126181781070803
86 0.002126181781070803
87 0.002126181781070803
88 0.002126181781070803
89 0.002126181781070803
90 0.002126181781070803
91 0.002126181781070803
92 0.002126181781070803
93 0.002126181781070803
94 0.002126181781070803
95 0.002126181781070803
96 0.002126181781070803
97 0.002126181781070803
98 0.002126181781070803
99 0.002126181781070803
100 0.002126181781070803
101 0.0014396400474827574
102 0.0014396400474827574
103 0.0014396400474827574
104 0.0014396400474827574
105 0.0014396400474827574
106 0.0014396400474827574
107 0.0014396400474827574
108 0.0014396400474827574
109 0.0014396400474827574
110 0.0014396400474827574
111 0.0014396400474827574
112 0.0014396400474827574
113 0.0014396400474827574
114 0.0014396400474827574
115 0.0014396400474827574
116 0.0014396400474827574
117 0.0014396400474827574
118 0.0014396400474827574
119 0.0014396400474827574
120 0.0014396400474827574
121 0.0014396400474827574
122 0.0014396400474827574
123 0.0014396400474827574
124 0.0014396400474827574
125 0.0014396400474827574
126 0.0014396400474827574
127 0.0014396400474827574
128 0.0014396400474827574
129 0.0014396400474827574
130 0.0014396400474827574
131 0.0014396400474827574
132 0.0014396400474827574
133 0.0014396400474827574
134 0.0014396400474827574
135 0.0014396400474827574
136 0.0014396400474827574
137 0.0014396400474827574
138 0.0014396400474827574
139 0.0014396400474827574
140 0.0014396400474827574
141 0.0014396400474827574
142 0.0014396400474827574
143 0.0014396400474827574
144 0.0014396400474827574
145 0.0014396400474827574
146 0.0014396400474827574
147 0.0014396400474827574
148 0.0014396400474827574
149 0.0014396400474827574
150 0.0014396400474827574
151 0.0014396400474827574
152 0.0014396400474827574
153 0.0014396400474827574
154 0.0014396400474827574
155 0.0014396400474827574
156 0.0014396400474827574
157 0.0014396400474827574
158 0.0014396400474827574
159 0.0014396400474827574
160 0.0014396400474827574
161 0.0014396400474827574
162 0.0014396400474827574
163 0.0014396400474827574
164 0.0014396400474827574
165 0.0014396400474827574
166 0.0014396400474827574
167 0.0014396400474827574
168 0.0014396400474827574
169 0.0014396400474827574
170 0.0014396400474827574
171 0.0014396400474827574
172 0.0014396400474827574
173 0.0014396400474827574
174 0.0014396400474827574
175 0.0014396400474827574
176 0.0014396400474827574
177 0.0014396400474827574
178 0.0014396400474827574
179 0.0014396400474827574
180 0.0014396400474827574
181 0.0014396400474827574
182 0.0014396400474827574
183 0.0014396400474827574
184 0.0014396400474827574
185 0.0014396400474827574
186 0.0014396400474827574
187 0.0014396400474827574
188 0.0014396400474827574
189 0.0014396400474827574
190 0.0014396400474827574
191 0.0014396400474827574
192 0.0014396400474827574
193 0.0014396400474827574
194 0.0014396400474827574
195 0.0014396400474827574
196 0.0014396400474827574
197 0.0014396400474827574
198 0.0014396400474827574
199 0.0014396400474827574
200 0.0014396400474827574
201 0.0057067007834157545
202 0.005296285108267398
203 0.003769292868286634
204 0.0032144222443699715
205 0.0029658735988396905
206 0.0027025977962794644
207 0.0024586370272305716
208 0.0022955465836363765
209 0.0022014127611557875
210 0.002144344116510974
211 0.0021286990928596305
212 0.002126181781070803
213 0.002126181781070803
214 0.002126181781070803
215 0.002126181781070803
216 0.002126181781070803
217 0.002126181781070803
218 0.002126181781070803
219 0.002126181781070803
220 0.002126181781070803
221 0.002126181781070803
222 0.002126181781070803
223 0.002126181781070803
224 0.002126181781070803
225 0.002126181781070803
226 0.002126181781070803
227 0.002126181781070803
228 0.002126181781070803
229 0.002126181781070803
230 0.002126181781070803
231 0.002126181781070803
232 0.002126181781070803
233 0.002126181781070803
234 0.002126181781070803
235 0.002126181781070803
236 0.002126181781070803
237 0.002126181781070803
238 0.002126181781070803
239 0.002126181781070803
240 0.002126181781070803
241 0.002126181781070803
242 0.002126181781070803
243 0.002126181781070803
244 0.002126181781070803
245 0.002126181781070803
246 0.002126181781070803
247 0.002126181781070803
248 0.002126181781070803
249 0.002126181781070803
250 0.002126181781070803
251 0.002126181781070803
252 0.002126181781070803
253 0.002126181781070803
254 0.002126181781070803
255 0.002126181781070803
256 0.002126181781070803
257 0.002126181781070803
258 0.002126181781070803
259 0.002126181781070803
260 0.002126181781070803
261 0.002126181781070803
262 0.002126181781070803
263 0.002126181781070803
264 0.002126181781070803
265 0.002126181781070803
266 0.002126181781070803
267 0.002126181781070803
268 0.002126181781070803
269 0.002126181781070803
270 0.002126181781070803
271 0.002126181781070803
272 0.002126181781070803
273 0.002126181781070803
274 0.002126181781070803
275 0.002126181781070803
276 0.002126181781070803
277 0.002126181781070803
278 0.002126181781070803
279 0.002126181781070803
280 0.002126181781070803
281 0.002126181781070803
282 0.002126181781070803
283 0.002126181781070803
284 0.002126181781070803
285 0.002126181781070803
286 0.002126181781070803
287 0.002126181781070803
288 0.002126181781070803
289 0.002126181781070803
290 0.002126181781070803
291 0.002126181781070803
292 0.002126181781070803
293 0.002126181781070803
294 0.002126181781070803
295 0.002126181781070803
296 0.002126181781070803
297 0.002126181781070803
298 0.002126181781070803
299 0.002126181781070803
300 0.002126181781070803
