step APL
0 161.97351125360888
1 15.650230650781845
2 1.7174718168762708
3 1.7166182230990215
4 1.1472711753273632
5 0.8628087440300751
6 0.6917844669641675
7 0.6907715659695226
8 0.5772283600887081
9 0.5765272449723056
10 0.5168412262976945
11 0.39419756533019057
12 0.4177082052511556
13 0.32255844146872426
14 0.3202557786019655
15 0.3071488474202049
16 0.29363796602566916
17 0.2823046198616455
18 0.25528627750957694
19 0.2726981487841279
20 0.2554153548261604
21 0.2530224125781754
22 0.23862685346746587
23 0.22935462197646483
24 0.20234081296522816
25 0.19060989852797044
26 0.18095802931453253
27 0.17990168235484544
28 0.17430269757942396
29 0.16989604836797811
30 0.1664800876918975
31 0.1615857288410535
32 0.15680353140386494
33 0.15411263224064886
34 0.14742855163206448
35 0.14574596618478364
36 0.14234975511026574
37 0.1401947006560243
38 0.13774729588022222
39 0.1362434535856481
40 0.1339531475791523
41 0.1286544723137542
42 0.1265699232026144
43 0.1254687781348243
44 0.12452501555149617
45 0.1255215885240633
46 0.12378119152551656
47 0.12520032981446794
48 0.12681212396202265
49 0.1258534512409159
50 0.12525311001064304
51 0.12352728168083144
52 0.12398745290178795
53 0.12291997344498043
54 0.120269565963411
55 0.11815048912394273
56 0.11708046398760082
57 0.11396288248404368
58 0.11379486340642334
59 0.11260015684527319
60 0.11092259009097431
61 0.10998155523814238
62 0.10802419355222294
63 0.1076660837855962
64 0.10619353790284397
65 0.10387504671903344
66 0.103722994175789
67 0.10271427257873633
68 0.10236936855987386
69 0.1018639049290477
70 0.09910203716478072
71 0.09825864885489385
72 0.09690545114907656
73 0.09602672673026483
74 0.09569573337096232
75 0.09381254447511844
76 0.09349054448934527
77 0.09266179779180894
78 0.09226977368115305
79 0.0918716442332313
80 0.08988680363975249
81 0.08990919757110101
82 0.08975273125734295
83 0.08750814638057866
84 0.08718264435591164
85 0.0878898211342317
86 0.08677407627029939
87 0.0856635754555613
88 0.08547782535390094
89 0.08369443665905757
90 0.0838724573032634
91 0.08209843389974819
92 0.0827126075648987
93 0.08201175882395084
94 0.08184382500853743
95 0.08140454955138005
96 0.080763810867632
97 0.07980423829224971
98 0.07889793078346295
99 0.07849920041198369
100 0.07890330658720301
101 0.04859279338940673
102 0.05073174950019953
103 0.06988620443819472
104 0.06530727626940899
105 0.06206544896370492
106 0.06234042097323285
107 0.06246362979096361
108 0.05857804470345761
109 0.050216005743451496
110 0.05050529695118057
111 0.05233504316867803
112 0.05614784076518231
113 0.05313619783858718
114 0.05369680797731252
115 0.05387204992782956
116 0.054910765845009826
117 0.06011540330119991
118 0.050956917626881024
119 0.05463389658760971
120 0.05717636135473769
121 0.055365469309710764
122 0.055167689653481816
123 0.0504100327991955
124 0.04435872111005941
125 0.044428268225164956
126 0.04430307547219229
127 0.04974414855325204
128 0.059423040940322996
129 0.05869259397059347
130 0.05805189114437393
131 0.058712576423623465
132 0.05974196996916191
133 0.05969093015053886
134 0.06590113616033547
135 0.06692667423293437
136 0.06540993157799382
137 0.06504622706489976
138 0.06541150645964733
139 0.06505541849922435
140 0.05975720653421604
141 0.05892133566894944
142 0.05992702825427691
143 0.06156106296199801
144 0.061428483322770365
145 0.060891094311722196
146 0.060077872855489566
147 0.06020879453972016
148 0.060088151738171676
149 0.05735154666503293
150 0.05610845973118683
151 0.0535950180505979
152 0.05347479099709683
153 0.05383729161321081
154 0.05417468178781655
155 0.053893007827920655
156 0.056174982330474264
157 0.05573742704147733
158 0.055491203234230395
159 0.05415623650124986
160 0.04464928254278376
161 0.046131035736060616
162 0.044270139355508394
163 0.04456416843101789
164 0.04556840422607864
165 0.04551199086523326
166 0.04571165971644359
167 0.046797525929873254
168 0.046588098661043534
169 0.04544831120537063
170 0.04527624566331067
171 0.04636353744218355
172 0.04649134589557932
173 0.04636478037181252
174 0.04589581317743029
175 0.04603549739307
176 0.04616706224090002
177 0.04592646947650784
178 0.03940805306728362
179 0.03878539938288363
180 0.03838057046735191
181 0.03853779294892336
182 0.03855030419775258
183 0.04550244232572358
184 0.044207450999612166
185 0.0438597786258501
186 0.043792629769102136
187 0.04306239168063018
188 0.04289097257000887
189 0.04314705252973342
190 0.04297800117036148
191 0.042741488791786256
192 0.04276774241541778
193 0.04237843935126012
194 0.04217654076746867
195 0.04241635214798771
196 0.042147155246842
197 0.04221396840847945
198 0.04216668313662035
199 0.04198100358545655
200 0.04192389881690642
201 0.05891375945360811
202 0.058832665237011736
203 0.05785883863790854
204 0.057865894633698636
205 0.05784514974602111
206 0.0578357074016088
207 0.057626836803642
208 0.057492280823720224
209 0.05749116564659147
210 0.05731590870043656
211 0.05742059532329962
212 0.0571677774275626
213 0.05724885961246323
214 0.05714667291350073
215 0.056772503278336606
216 0.05676064539152581
217 0.05699397676953444
218 0.056913904404795324
219 0.05702082624333399
220 0.057161133495745836
221 0.0567370958540652
222 0.05685992667899356
223 0.056723216320689135
224 0.056821931206428256
225 0.056585851209717354
226 0.05651887713827649
227 0.05632004789684389
228 0.05640295305370807
229 0.0561587608760303
230 0.056092035143672524
231 0.056341356925181565
232 0.055939397990733414
233 0.05593264724957096
234 0.0559676951701875
235 0.05567842398692776
236 0.05550276920509649
237 0.054985146694743
238 0.0550993673290099
239 0.054894070490314674
240 0.05487184610736143
241 0.054892479837209254
242 0.05474663169910242
243 0.055000121705405594
244 0.05499855592954266
245 0.05467693626412281
246 0.05466051940358914
247 0.054755764052883404
248 0.05499747808302964
249 0.05430385211035535
250 0.05447604427872239
251 0.05403096704102971
252 0.05399790884078563
253 0.05413551778296331
254 0.05382100486916465
255 0.05384956438378529
256 0.05333423966900245
257 0.05376744811656001
258 0.053524677907979046
259 0.05403234301326988
260 0.054091664080356094
261 0.05342226674040039
262 0.05336842010457356
263 0.052977571376331814
264 0.053074033479552134
265 0.05276322512246586
266 0.05261022120126494
267 0.052676829329780385
268 0.05247474809932161
269 0.052221769052970636
270 0.05166099972940899
271 0.05151677677393318
272 0.05189554009614168
273 0.051092069723465305
274 0.05142753478311919
275 0.05144978747666777
276 0.05150193709913675
277 0.05113862280155326
278 0.050933725670830265
279 0.050930861310915905
280 0.050564381459692456
281 0.050580991292918646
282 0.05052807136961409
283 0.050536795931237125
284 0.05020698002353684
285 0.04990342081216601
286 0.05002503164185657
287 0.05028038427367941
288 0.05005256361333099
289 0.049958294132241496
290 0.04959179962940283
291 0.049449471358661054
292 0.049497754064050166
293 0.04927008933726851
294 0.04945891439622348
295 0.04934969615828883
296 0.04930003422057187
297 0.04949035077055057
298 0.049501117734490216
299 0.04902867596210899
300 0.04906638905462679
