step APL
0 2.51593315503003
1 0.336336791478979
2 0.042959936498999
3 0.03552330455455456
4 0.03139344031531531
5 0.030415063501001004
6 0.030070625312812814
7 0.029940784534534533
8 0.029933840090090084
9 0.029840144832332334
10 0.029737761198698694
11 0.029726476476476478
12 0.02972578046796797
13 0.02972581956956957
14 0.02972581956956957
15 0.02972581956956957
16 0.02972581956956957
17 0.02972581956956957
18 0.02972581956956957
19 0.02972581956956957
20 0.02972581956956957
21 0.02972581956956957
22 0.02972581956956957
23 0.02972581956956957
24 0.02972581956956957
25 0.02972581956956957
26 0.02972581956956957
27 0.02972581956956957
28 0.02972581956956957
29 0.02972581956956957
30 0.02972581956956957
31 0.02972581956956957
32 0.02972581956956957
33 0.02972581956956957
34 0.02972581956956957
35 0.02972581956956957
36 0.02972581956956957
37 0.02972581956956957
38 0.02972581956956957
39 0.02972581956956957
40 0.02972581956956957
41 0.02972581956956957
42 0.02972581956956957
43 0.02972581956956957
44 0.02972581956956957
45 0.02972581956956957
46 0.02972581956956957
47 0.02972581956956957
48 0.02972581956956957
49 0.02972581956956957
50 0.02972581956956957
51 0.02972581956956957
52 0.02972581956956957
53 0.02972581956956957
54 0.02972581956956957
55 0.02972581956956957
56 0.02972581956956957
57 0.02972581956956957
58 0.02972581956956957
59 0.02972581956956957
60 0.02972581956956957
61 0.02972581956956957
62 0.02972581956956957
63 0.02972581956956957
64 0.02972581956956957
65 0.02972581956956957
66 0.02972581956956957
67 0.02972581956956957
68 0.02972581956956957
69 0.02972581956956957
70 0.02972581956956957
71 0.02972581956956957
72 0.02972581956956957
73 0.02972581956956957
74 0.02972581956956957
75 0.02972581956956957
76 0.02972581956956957
77 0.02972581956956957
78 0.02972581956956957
79 0.02972581956956957
80 0.02972581956956957
81 0.02972581956956957
82 0.02972581956956957
83 0.02972581956956957
84 0.02972581956956957
85 0.02972581956956957
86 0.02972581956956957
87 0.02972581956956957
88 0.02972581956956957
89 0.02972581956956957
90 0.02972581956956957
91 0.02972581956956957
92 0.02972581956956957
93 0.02972581956956957
94 0.02972581956956957
95 0.02972581956956957
96 0.02972581956956957
97 0.02972581956956957
98 0.02972581956956957
99 0.02972581956956957
100 0.02972581956956957
101 0.029899631675237202
102 0.029899631675237202
103 0.029899631675237202
104 0.029899631675237202
105 0.029899631675237202
106 0.029899631675237202
107 0.029899631675237202
108 0.029899631675237202
109 0.029899631675237202
110 0.029899631675237202
111 0.029899631675237202
112 0.029899631675237202
113 0.029899631675237202
114 0.029899631675237202
115 0.029899631675237202
116 0.029899631675237202
117 0.029899631675237202
118 0.029899631675237202
119 0.029899631675237202
120 0.029899631675237202
121 0.029899631675237202
122 0.029899631675237202
123 0.029899631675237202
124 0.029899631675237202
125 0.029899631675237202
126 0.029899631675237202
127 0.029899631675237202
128 0.029899631675237202
129 0.029899631675237202
130 0.029899631675237202
131 0.029899631675237202
132 0.029899631675237202
133 0.029899631675237202
134 0.029899631675237202
135 0.029899631675237202
136 0.029899631675237202
137 0.029899631675237202
138 0.029899631675237202
139 0.029899631675237202
140 0.029899631675237202
141 0.029899631675237202
142 0.029899631675237202
143 0.029899631675237202
144 0.029899631675237202
145 0.029899631675237202
146 0.029899631675237202
147 0.029899631675237202
148 0.029899631675237202
149 0.029899631675237202
150 0.029899631675237202
151 0.029899631675237202
152 0.029899631675237202
153 0.029899631675237202
154 0.029899631675237202
155 0.029899631675237202
156 0.029899631675237202
157 0.029899631675237202
158 0.029899631675237202
159 0.029899631675237202
160 0.029899631675237202
161 0.029899631675237202
162 0.029899631675237202
163 0.029899631675237202
164 0.029899631675237202
165 0.029899631675237202
166 0.029899631675237202
167 0.029899631675237202
168 0.029899631675237202
169 0.029899631675237202
170 0.029899631675237202
171 0.029899631675237202
172 0.029899631675237202
173 0.029899631675237202
174 0.029899631675237202
175 0.029899631675237202
176 0.029899631675237202
177 0.029899631675237202
178 0.029899631675237202
179 0.029899631675237202
180 0.029899631675237202
181 0.029899631675237202
182 0.029899631675237202
183 0.029899631675237202
184 0.029899631675237202
185 0.029899631675237202
186 0.029899631675237202
187 0.029899631675237202
188 0.029899631675237202
189 0.029899631675237202
190 0.029899631675237202
191 0.029899631675237202
192 0.029899631675237202
193 0.029899631675237202
194 0.029899631675237202
195 0.029899631675237202
196 0.029899631675237202
197 0.029899631675237202
198 0.029899631675237202
199 0.029899631675237202
200 0.029899631675237202
201 0.04248077765265265
202 0.03925516923173173
203 0.03352360172672672
204 0.03129001657907908
205 0.030481317254754753
206 0.03006912381131131
207 0.029954157282282283
208 0.03017031093593594
209 0.03030511761761762
210 0.029951889389389388
211 0.02976689189189189
212 0.02972581956956957
213 0.02972581956956957
214 0.02972581956956957
215 0.02972581956956957
216 0.02972581956956957
217 0.02972581956956957
218 0.02972581956956957
219 0.02972581956956957
220 0.02972581956956957
221 0.02972581956956957
222 0.02972581956956957
223 0.02972581956956957
224 0.02972581956956957
225 0.02972581956956957
226 0.02972581956956957
227 0.02972581956956957
228 0.02972581956956957
229 0.02972581956956957
230 0.02972581956956957
231 0.02972581956956957
232 0.02972581956956957
233 0.02972581956956957
234 0.02972581956956957
235 0.02972581956956957
236 0.02972581956956957
237 0.02972581956956957
238 0.02972581956956957
239 0.02972581956956957
240 0.02972581956956957
241 0.02972581956956957
242 0.02972581956956957
243 0.02972581956956957
244 0.02972581956956957
245 0.02972581956956957
246 0.02972581956956957
247 0.02972581956956957
248 0.02972581956956957
249 0.02972581956956957
250 0.02972581956956957
251 0.02972581956956957
252 0.02972581956956957
253 0.02972581956956957
254 0.02972581956956957
255 0.02972581956956957
256 0.02972581956956957
257 0.02972581956956957
258 0.02972581956956957
259 0.02972581956956957
260 0.02972581956956957
261 0.02972581956956957
262 0.02972581956956957
263 0.02972581956956957
264 0.02972581956956957
265 0.02972581956956957
266 0.02972581956956957
267 0.02972581956956957
268 0.02972581956956957
269 0.02972581956956957
270 0.02972581956956957
271 0.02972581956956957
272 0.02972581956956957
273 0.02972581956956957
274 0.02972581956956957
275 0.02972581956956957
276 0.02972581956956957
277 0.02972581956956957
278 0.02972581956956957
279 0.02972581956956957
280 0.02972581956956957
281 0.02972581956956957
282 0.02972581956956957
283 0.02972581956956957
284 0.02972581956956957
285 0.02972581956956957
286 0.02972581956956957
287 0.02972581956956957
288 0.02972581956956957
289 0.02972581956956957
290 0.02972581956956957
291 0.02972581956956957
292 0.02972581956956957
293 0.02972581956956957
294 0.02972581956956957
295 0.02972581956956957
296 0.02972581956956957
297 0.02972581956956957
298 0.02972581956956957
299 0.02972581956956957
300 0.02972581956956957
