step CC
0 0.3406755611784114
1 0.06858511449312577
2 0.006849318742752075
3 0.006853878875070819
4 0.008220826101500166
5 0.008807106727257728
6 0.009132933342894113
7 0.009133602402918797
8 0.009340041893521
9 0.009342902987126651
10 0.009470809381680087
11 0.009643559554098107
12 0.009658283371631783
13 0.009768761746394558
14 0.009784005679678399
15 0.009821670179782766
16 0.009826952701196073
17 0.009843037173826896
18 0.009877343445941692
19 0.00989276712560417
20 0.009903372030166991
21 0.00989969717310136
22 0.00989664786424328
23 0.009895779177912576
24 0.009940342922146697
25 0.009938714862614897
26 0.009949379654406353
27 0.009951391244757522
28 0.009953175957254104
29 0.009947967614190579
30 0.009949811424893682
31 0.009945129750861554
32 0.009946769615106444
33 0.009953361158522713
34 0.009962798307243066
35 0.009977824935050056
36 0.009985037711772242
37 0.009987385434799621
38 0.009986928436944886
39 0.009985374225371348
40 0.009981023598708706
41 0.009975204547405546
42 0.009978563218579994
43 0.009978452935273687
44 0.009989745528858314
45 0.009996267349957401
46 0.009998762591992602
47 0.01000486601993822
48 0.010015878396856803
49 0.010020990381234763
50 0.01002434747064309
51 0.01002396486912231
52 0.010026396511672354
53 0.010028328006820228
54 0.010033983704065857
55 0.010034227485573751
56 0.010038286674800573
57 0.010037482970866887
58 0.01004161943873118
59 0.010041030626363755
60 0.010040438630072146
61 0.010038783688085423
62 0.010041485178268996
63 0.010036974857529005
64 0.01003520162772533
65 0.010033346196171255
66 0.01003138565139048
67 0.010027744271637306
68 0.010022821554492904
69 0.010019378218127307
70 0.010014469236235262
71 0.010010074789769171
72 0.010007180333769756
73 0.009997681451401678
74 0.009994276191656413
75 0.00998996586162837
76 0.009981423717329097
77 0.009971263039339873
78 0.009966033973469122
79 0.00996063653829256
80 0.009951818051300089
81 0.009943243020974202
82 0.009932436295533326
83 0.009924443975136796
84 0.00991702395181688
85 0.009913086660979193
86 0.009902946003732857
87 0.00989212166838219
88 0.009882030492222981
89 0.009877748381924687
90 0.009865719159913938
91 0.009859887830081224
92 0.009850428406582446
93 0.00983850639868594
94 0.009831197596876486
95 0.009815551834958467
96 0.009799638854904522
97 0.009785641103007106
98 0.00977505686442533
99 0.009763340235222111
100 0.009749985299925299
101 0.00933965627207795
102 0.009456732847547309
103 0.009473190763585536
104 0.009510924973494352
105 0.009576107113311092
106 0.009438255951276188
107 0.009470034846171819
108 0.0092054673693278
109 0.009196499229899862
110 0.009174405016048158
111 0.009253530621184582
112 0.009305971498900532
113 0.009443103978404487
114 0.009461511082500852
115 0.009357095977694161
116 0.009428414153747617
117 0.009502039383976337
118 0.00935261365929909
119 0.009404549470937794
120 0.009361692840726367
121 0.00934121659682888
122 0.009320746427959853
123 0.009381046399829047
124 0.00927789505041427
125 0.009277463771863552
126 0.0091995334643129
127 0.009206453963495374
128 0.009155512427746641
129 0.009148673544074372
130 0.009179591849559562
131 0.009105570093152021
132 0.009130952451129996
133 0.009080834044885586
134 0.009079564155130532
135 0.009142011784868263
136 0.008992944182749775
137 0.009001531256942115
138 0.00884905869981827
139 0.008781879224532316
140 0.008766446501649455
141 0.008870948510496163
142 0.008867633292521826
143 0.00884632264189705
144 0.008889714743298568
145 0.008947196478299087
146 0.008843830963447218
147 0.008789294941232465
148 0.008773892401371431
149 0.008757109666828565
150 0.008755867439139885
151 0.00869596457710831
152 0.008698158775315573
153 0.008724974925860258
154 0.008661026026249352
155 0.00868916113242927
156 0.0087060855776924
157 0.008684545636513044
158 0.008664375710787459
159 0.008669978257142125
160 0.008668510092884269
161 0.0086669665340961
162 0.008663448421759055
163 0.008559571633945374
164 0.008500098764136495
165 0.008490193637579323
166 0.008482602593733126
167 0.008398721579986924
168 0.008398320832370017
169 0.008391975139038678
170 0.008352431902873122
171 0.00835082953827403
172 0.00834850234216817
173 0.008266904817653313
174 0.008276282400133592
175 0.008328194173459993
176 0.008256591430553732
177 0.008326968836828834
178 0.008317771686702636
179 0.00832243988242894
180 0.008318089425977053
181 0.008315129310454757
182 0.008308043228021094
183 0.008302602311180093
184 0.008296858129278033
185 0.008294315384845891
186 0.008294542762008417
187 0.008289363793690788
188 0.00828491481517504
189 0.00830048811277145
190 0.008300580483152683
191 0.00829991312264859
192 0.00830225968162394
193 0.008297510928752205
194 0.008301617533530991
195 0.008288254400446386
196 0.008281160044641571
197 0.00827528680831462
198 0.00827022489832737
199 0.008265273749776127
200 0.008257913737331132
201 0.005678622966211793
202 0.00575817881715017
203 0.005924108695850301
204 0.005981729073465985
205 0.006014511229292638
206 0.00603790602695692
207 0.006162028723768313
208 0.006202200713102389
209 0.0062334053464324895
210 0.0062613941892424845
211 0.006301237697534528
212 0.0063264928874039745
213 0.006364164695824058
214 0.006373114159318011
215 0.006400153016824591
216 0.006414153352068528
217 0.006426025197461516
218 0.006441075573424488
219 0.006458422075862252
220 0.006465794263517552
221 0.0064880207277466535
222 0.006503330694548275
223 0.006523154545913384
224 0.006533901907424524
225 0.006555273479778211
226 0.006561535239061227
227 0.0065724441275509336
228 0.0065833926849727074
229 0.006597925654767222
230 0.0066057338739248725
231 0.006618610292989377
232 0.006624388393253876
233 0.0066391978518226865
234 0.006643569306438399
235 0.0066595332656269315
236 0.006666488626727932
237 0.006669464672251988
238 0.006670881148652014
239 0.006685180146887154
240 0.006695483302693204
241 0.006711196639216442
242 0.006719265643107462
243 0.006737581604391722
244 0.00674342827948708
245 0.006739322142155243
246 0.006736766634287971
247 0.0067443466042911016
248 0.006750793935141262
249 0.006759036927309159
250 0.006765315796363747
251 0.00677236755247939
252 0.006781423537125518
253 0.006786006348719767
254 0.006791374432681308
255 0.006797918638237876
256 0.00679768858246183
257 0.006799954509633891
258 0.0067942566592160535
259 0.006803596167389114
260 0.0068056602045603945
261 0.006803304956500158
262 0.006803803070033521
263 0.006814303623092449
264 0.006812205701741812
265 0.0068256243263150745
266 0.0068289745182510565
267 0.006836283614828387
268 0.00684272582705201
269 0.006841626045503485
270 0.00683946828678607
271 0.0068429651651242445
272 0.006839540334663432
273 0.006837056515420756
274 0.006844740919885921
275 0.006854395667525829
276 0.00685031084784348
277 0.006852980111791697
278 0.0068507304872349635
279 0.006850171401993611
280 0.006842151452921471
281 0.006842412306685339
282 0.006838059658427679
283 0.006848192193983533
284 0.0068473138719938684
285 0.006848741384290653
286 0.006841858828994789
287 0.006842822294433889
288 0.006835382033767535
289 0.006833575055084079
290 0.006829916527721421
291 0.006818150862671835
292 0.006814244605050712
293 0.006813863561940827
294 0.006809905515219261
295 0.006803320500279913
296 0.006799924123328774
297 0.006795181087864788
298 0.006797340525153701
299 0.006793527602448216
300 0.006788974940413001
