step CC
0 0.03668203016545331
1 0.008062040632300354
2 0.036341019658049804
3 0.05349206921656074
4 0.056206422404141
5 0.050549208789098465
6 0.0431716402428347
7 0.04270640477184675
8 0.044126038962556124
9 0.04772464660102033
10 0.0524370302282434
11 0.058363274503266685
12 0.06192197503991836
13 0.06376148070823356
14 0.0644386551023268
15 0.06307966085605612
16 0.05967260705815989
17 0.05561883050135372
18 0.051028625587113
19 0.04648766773770221
20 0.041729031863434206
21 0.03677525950772988
22 0.03298590034256687
23 0.028703181937207868
24 0.025204347336020266
25 0.022383847227917832
26 0.019970170160794123
27 0.017887745330521773
28 0.016640496959469953
29 0.015662911433981887
30 0.015094617859710767
31 0.014650434878669195
32 0.013904426098427961
33 0.01371519757273147
34 0.013428753347842225
35 0.013166445709650042
36 0.01303594848598982
37 0.01293642927748364
38 0.013011039697157585
39 0.012939739626404398
40 0.012873767360355465
41 0.012860578124133985
42 0.013190806916751747
43 0.012951068244390778
44 0.013071785087479375
45 0.013094421741277066
46 0.013133075267980084
47 0.013125060810451675
48 0.01316283171174782
49 0.013093866861361474
50 0.013116208880591732
51 0.013210558205870016
52 0.01323884046902464
53 0.013315942454566555
54 0.013399063341666267
55 0.013369247418925001
56 0.01318420958868814
57 0.013456546752251523
58 0.013286322146753408
59 0.01344642193415417
60 0.013263510732735758
61 0.013276957157112522
62 0.013296030867718932
63 0.013449962304758417
64 0.013315554603748754
65 0.013443573640213528
66 0.013288501550350496
67 0.013299699120949563
68 0.013351684224697857
69 0.013209117951990488
70 0.013171567724800843
71 0.013267306168088445
72 0.01312091665060251
73 0.013300524252833732
74 0.013231078225673456
75 0.013229267134086665
76 0.013177857281821297
77 0.01321499076932203
78 0.013339366062508969
79 0.013331798627174762
80 0.013382508677287507
81 0.013538701510276368
82 0.01338166544264872
83 0.013238400275128393
84 0.013314574083612439
85 0.013219885136691747
86 0.013323789087876174
87 0.013428095683414278
88 0.013300466998283285
89 0.01340538898200717
90 0.013439300305306571
91 0.013451587225941688
92 0.013409411261768017
93 0.013401839569267968
94 0.013435352648209746
95 0.0132881713120039
96 0.013525208193291524
97 0.013448835494344785
98 0.01344848662179662
99 0.013405882390238348
100 0.013341292530770883
101 0.01284180254590418
102 0.01333407291205706
103 0.01697546649751321
104 0.020943641682997494
105 0.02403022228150763
106 0.026158858022574817
107 0.028507329361162403
108 0.030277675775139182
109 0.03195276603709528
110 0.03329932298649602
111 0.03382506757966689
112 0.03439734336828471
113 0.03482009423154666
114 0.03485993141549783
115 0.03494956308522432
116 0.03499412058359825
117 0.0347142673259524
118 0.03380966008863267
119 0.03293788620142575
120 0.03202073466074416
121 0.030607387956274084
122 0.02822511246023284
123 0.026830614180135357
124 0.025296223984364725
125 0.02375787528097346
126 0.02206266788441503
127 0.02099097463412152
128 0.020167000126102296
129 0.019267783959465275
130 0.0186376619657282
131 0.01833693825332151
132 0.018153758282077364
133 0.017573458026569604
134 0.01711912559883534
135 0.016960433352646395
136 0.016835762438376634
137 0.016400152856451525
138 0.016206785559115047
139 0.01608547536312943
140 0.01591610551650662
141 0.015884139784511395
142 0.016075314150602215
143 0.015584800140481204
144 0.01571039222454029
145 0.015397875109199361
146 0.015487996300328509
147 0.01542111020031845
148 0.015495186352602936
149 0.015554598435918322
150 0.015380446024073308
151 0.015067977282098157
152 0.01481097480206671
153 0.01510940179481167
154 0.015224291107237392
155 0.015232451157303633
156 0.015322785130893342
157 0.015110297958503507
158 0.015349451694851171
159 0.015191156460046462
160 0.015093978716467948
161 0.015079861008340353
162 0.015223866953834632
163 0.015120127665433788
164 0.01527017033568172
165 0.015130830886062997
166 0.01516861484442866
167 0.015252390056007443
168 0.015333830645833046
169 0.015371828346175467
170 0.01528010787289332
171 0.015098466539361456
172 0.015143556311353262
173 0.015100772121173184
174 0.015238048587672741
175 0.015110675482859546
176 0.015117709944092688
177 0.015087605965960689
178 0.015183497281300758
179 0.015069518559550982
180 0.01521791338909472
181 0.014998131833813438
182 0.01524660728130559
183 0.015148163853723473
184 0.0149610574411315
185 0.014885405296173403
186 0.01483412181739329
187 0.01484386111451289
188 0.015227392651671648
189 0.01521756108975147
190 0.015134790279850631
191 0.015131307852607417
192 0.015243672275855748
193 0.015335785921522571
194 0.015152966377826638
195 0.015378621662106818
196 0.0149604636898477
197 0.015040750069163883
198 0.015098565227587747
199 0.015350571180485165
200 0.015207514211015233
201 0.012528845396030806
202 0.01324993196307389
203 0.014794081550933116
204 0.016400920368325477
205 0.014551996959078146
206 0.015994780027693882
207 0.015900085813835105
208 0.016908885844636116
209 0.01671215577399992
210 0.016737525621936106
211 0.01652738444069367
212 0.01728829502896921
213 0.018373377211815846
214 0.019227475038423335
215 0.019005945306579064
216 0.01803243831006723
217 0.016941574641730517
218 0.015759776994492117
219 0.01522497308447763
220 0.014610609865020734
221 0.014007166588456053
222 0.013802648476749725
223 0.013248756213746056
224 0.013531402437844299
225 0.013182738918518223
226 0.013131959438926593
227 0.012971903899708018
228 0.012964778424321333
229 0.013032186497388808
230 0.013077429920465733
231 0.013228980569513781
232 0.013065505966556942
233 0.013204258617709802
234 0.013274116643982052
235 0.013266983833518126
236 0.013086004713699511
237 0.013010689888972339
238 0.012994538801629488
239 0.01319818269148503
240 0.013253310927768
241 0.013304671726864354
242 0.013307207021635731
243 0.013225395264516637
244 0.013223599237362558
245 0.013291496322428263
246 0.013207158563552887
247 0.013214926407304678
248 0.013142393901783745
249 0.013187857205472036
250 0.01314069931707486
251 0.01322275223595859
252 0.013336863778893612
253 0.013350533097457967
254 0.013442301082297136
255 0.013230285365368164
256 0.013426965686544237
257 0.013337085162889964
258 0.013345295423082793
259 0.013252264182931767
260 0.013218284871976784
261 0.013213134122740267
262 0.013293183008512026
263 0.013180475428508852
264 0.013330934799656472
265 0.013315023291371082
266 0.013119695348567497
267 0.013420431043982663
268 0.013382910554948923
269 0.01323925168402079
270 0.013183152560357224
271 0.013309091355204914
272 0.013367754935459995
273 0.013216534376643264
274 0.01325232210730569
275 0.01338431290421386
276 0.013455171352415715
277 0.013397910919862109
278 0.013503079876082966
279 0.013496764354017633
280 0.013354931673549507
281 0.01339551657158229
282 0.01322085057532403
283 0.013403321690691935
284 0.013308308592173877
285 0.013317055858425795
286 0.01317515884281341
287 0.013246067210341658
288 0.013315105025018231
289 0.013282742322881064
290 0.013184448268283796
291 0.013176529911120468
292 0.013279862501728436
293 0.013076923731295705
294 0.013160849673170426
295 0.013331740186570821
296 0.013281396413247914
297 0.013231640867731235
298 0.01311521770020702
299 0.013245180355500877
300 0.013250659344958155
